motorPwr=550;
motorSpeed=1500;
loadMass=100;
safetyCoef=1.5;
loadHeight=15;
cableDiam=4;
spoolWidth=80;
spoolDiam=60;
minZ=14;
maxZ=250;
minModule=0.5;
maxModule=5;
moduleStep=0.5;
rpeMat=250;
considerGearsAlignTolerance=0;
gearsAlignTolerance=5;
axisDiam=17;
veGears_Z1=27;
veGears_Z2=114;
veGears_Z3=16;
veGears_Z4=70;
Z1=27;
r1=20.25;
Z2=113;
r2=84.75;
Z3=16;
r3=20;
Z4=68;
r4=85;
m1=1.5;
m2=2.5;
minM1=1.33729;
minM2=1.59211;
k1=0.01;
k2=0.01;
b12=15;
b34=25;
calculatedReducRatio=0.0562207;
